                            OLS Regression Results                            
==============================================================================
Dep. Variable:             avg_salary   R-squared:                       0.608
Model:                            OLS   Adj. R-squared:                  0.531
Method:                 Least Squares   F-statistic:                     7.897
Date:                Wed, 28 Oct 2020   Prob (F-statistic):           1.59e-60
Time:                        00:01:42   Log-Likelihood:                -2957.6
No. Observations:                 641   AIC:                             6127.
Df Residuals:                     535   BIC:                             6600.
Df Model:                         105                                         
Covariance Type:            nonrobust                                         
====================================================================================================================
                                                       coef    std err          t      P>|t|      [0.025      0.975]
--------------------------------------------------------------------------------------------------------------------
const                                               40.8704      7.165      5.704      0.000      26.796      54.945
Rating                                               9.3527      2.526      3.703      0.000       4.392      14.314
age                                                  0.0580      0.028      2.094      0.037       0.004       0.112
sql                                                 -5.5110      3.425     -1.609      0.108     -12.238       1.216
python                                               6.4126      3.379      1.898      0.058      -0.225      13.050
java                                                -6.1584      4.238     -1.453      0.147     -14.484       2.167
sas                                                  1.2955      4.032      0.321      0.748      -6.625       9.216
matlab                                              -3.4945      5.323     -0.657      0.512     -13.950       6.961
javascript                                          -0.2719      7.376     -0.037      0.971     -14.761      14.217
c++                                                 14.3254      5.694      2.516      0.012       3.141      25.510
scala                                                1.8064      3.370      0.536      0.592      -4.814       8.427
hadoop                                              -5.8517      4.518     -1.295      0.196     -14.727       3.024
spark                                                6.1082      4.104      1.488      0.137      -1.954      14.170
hive                                                 2.9506      5.054      0.584      0.560      -6.977      12.878
deep_learning                                       -0.8215      5.698     -0.144      0.885     -12.014      10.371
nlp                                                -11.2093      5.535     -2.025      0.043     -22.082      -0.336
cv                                                  14.0440      8.184      1.716      0.087      -2.033      30.121
tensorflow                                          -5.4096      7.551     -0.716      0.474     -20.243       9.424
pytorch                                             -3.4114      9.849     -0.346      0.729     -22.758      15.935
keras                                               11.3862      9.171      1.242      0.215      -6.629      29.401
description                                         -0.0005      0.001     -0.625      0.532      -0.002       0.001
size_1 to 50                                        -7.2704      7.333     -0.991      0.322     -21.676       7.135
size_10000+                                         -9.0171      5.699     -1.582      0.114     -20.211       2.177
size_1001 to 5000                                    4.4238      4.022      1.100      0.272      -3.477      12.324
size_201 to 500                                      8.3472      4.113      2.030      0.043       0.268      16.426
size_5001 to 10000                                  27.6263      6.032      4.580      0.000      15.778      39.475
size_501 to 1000                                    10.6006      5.430      1.952      0.051      -0.066      21.268
size_51 to 200                                      -1.5895      4.392     -0.362      0.718     -10.217       7.038
size_Unknown                                         7.7495     12.590      0.616      0.538     -16.983      32.482
ownership_Company - Private                          4.9524      4.364      1.135      0.257      -3.620      13.525
ownership_Company - Public                           0.5133      4.071      0.126      0.900      -7.484       8.511
ownership_Government                                23.4722     12.192      1.925      0.055      -0.478      47.423
ownership_Nonprofit Organization                     7.9284      6.022      1.317      0.189      -3.901      19.758
ownership_Subsidiary or Business Segment            -5.1818      5.344     -0.970      0.333     -15.679       5.316
ownership_other                                      9.1859     11.108      0.827      0.409     -12.634      31.006
industry_Advertising & Marketing                     9.0320      9.408      0.960      0.337      -9.450      27.514
industry_Aerospace & Defense                         0.7733      2.966      0.261      0.794      -5.054       6.600
industry_Banks & Credit Unions                      -7.4881     11.517     -0.650      0.516     -30.113      15.136
industry_Biotech & Pharmaceuticals                  -3.5943      2.398     -1.499      0.134      -8.305       1.116
industry_Computer Hardware & Software                1.7690      4.309      0.411      0.682      -6.695      10.233
industry_Consulting                                 -0.1434      8.714     -0.016      0.987     -17.262      16.975
industry_Enterprise Software & Network Solutions     0.7723      5.816      0.133      0.894     -10.653      12.197
industry_Federal Agencies                            6.0241      5.032      1.197      0.232      -3.861      15.909
industry_Health Care Services & Hospitals           -6.8171      3.234     -2.108      0.036     -13.170      -0.464
industry_IT Services                                -4.7830      4.407     -1.085      0.278     -13.441       3.875
industry_Insurance Carriers                         51.3409     19.153      2.681      0.008      13.717      88.965
industry_Internet                                    9.3832      4.274      2.196      0.029       0.988      17.778
industry_Publishing                                 -1.3668     19.868     -0.069      0.945     -40.395      37.661
industry_others                                    -14.0315      5.435     -2.582      0.010     -24.709      -3.354
sector_Aerospace & Defense                           0.7733      2.966      0.261      0.794      -5.054       6.600
sector_Biotech & Pharmaceuticals                    -3.5943      2.398     -1.499      0.134      -8.305       1.116
sector_Business Services                            -1.7417      7.125     -0.244      0.807     -15.738      12.254
sector_Education                                    -4.2124     14.250     -0.296      0.768     -32.205      23.781
sector_Finance                                      23.7213      6.939      3.419      0.001      10.090      37.352
sector_Government                                    6.0241      5.032      1.197      0.232      -3.861      15.909
sector_Health Care                                  -6.8171      3.234     -2.108      0.036     -13.170      -0.464
sector_Information Technology                        7.1415      3.383      2.111      0.035       0.495      13.788
sector_Insurance                                   -31.6591     18.719     -1.691      0.091     -68.430       5.112
sector_Manufacturing                                 8.0432      7.049      1.141      0.254      -5.803      21.890
sector_Media                                        -3.6064     18.271     -0.197      0.844     -39.499      32.286
sector_Oil, Gas, Energy & Utilities                -19.6443     12.654     -1.552      0.121     -44.502       5.214
sector_Retail                                       53.3660      8.277      6.447      0.000      37.106      69.626
sector_others                                       13.0765      7.461      1.753      0.080      -1.581      27.734
revenue_$1 to $2 billion                            -5.0629      6.518     -0.777      0.438     -17.866       7.740
revenue_$1 to $5 million                            16.1808      6.812      2.375      0.018       2.800      29.562
revenue_$10 to $25 million                          -3.1335      7.969     -0.393      0.694     -18.788      12.521
revenue_$10+ billion                                26.3466      5.964      4.417      0.000      14.630      38.063
revenue_$100 to $500 million                        -0.3909      4.493     -0.087      0.931      -9.217       8.436
revenue_$2 to $5 billion                            -3.3945      5.984     -0.567      0.571     -15.150       8.361
revenue_$25 to $50 million                           3.7420      6.186      0.605      0.545      -8.409      15.893
revenue_$5 to $10 billion                           12.6422      6.807      1.857      0.064      -0.729      26.013
revenue_$5 to $10 million                            1.4649      9.779      0.150      0.881     -17.744      20.674
revenue_$50 to $100 million                         -0.6002      5.889     -0.102      0.919     -12.169      10.969
revenue_$500 million to $1 billion                   0.2412      6.464      0.037      0.970     -12.457      12.940
revenue_Less than $1 million                       -10.7794      9.682     -1.113      0.266     -29.799       8.240
revenue_Unknown / Non-Applicable                     3.6140      3.558      1.016      0.310      -3.375      10.603
state_AL                                           -41.3840     17.915     -2.310      0.021     -76.576      -6.192
state_AR                                           -33.3131     27.729     -1.201      0.230     -87.784      21.158
state_AZ                                            81.2736     21.687      3.748      0.000      38.672     123.875
state_CA                                            35.4626      3.919      9.048      0.000      27.764      43.162
state_CO                                           -22.6158     15.297     -1.478      0.140     -52.666       7.434
state_CT                                            25.1210      8.484      2.961      0.003       8.454      41.788
state_DC                                            15.1166      8.230      1.837      0.067      -1.050      31.283
state_DE                                             7.0446     26.492      0.266      0.790     -44.997      59.086
state_FL                                            -5.6658      8.020     -0.706      0.480     -21.419      10.088
state_GA                                            23.7746     13.086      1.817      0.070      -1.931      49.480
state_IL                                             0.5655      6.813      0.083      0.934     -12.819      13.950
state_IN                                             6.9322     13.301      0.521      0.602     -19.197      33.061
state_KS                                             1.2233     14.386      0.085      0.932     -27.036      29.483
state_KY                                           -68.2134     28.339     -2.407      0.016    -123.883     -12.544
state_MA                                            16.8100      4.768      3.525      0.000       7.443      26.177
state_MD                                            -1.9067      5.861     -0.325      0.745     -13.420       9.606
state_MI                                             5.1489      9.011      0.571      0.568     -12.552      22.850
state_MN                                             5.0507     10.964      0.461      0.645     -16.487      26.588
state_MO                                            -4.8592      7.706     -0.631      0.529     -19.998      10.279
state_MS                                           -46.7032     27.316     -1.710      0.088    -100.363       6.956
state_NC                                            -1.0506     10.073     -0.104      0.917     -20.838      18.737
state_NE                                          1.059e-14   9.86e-15      1.075      0.283   -8.77e-15       3e-14
state_NH                                            15.3071     16.270      0.941      0.347     -16.653      47.267
state_NJ                                             4.8848      7.216      0.677      0.499      -9.290      19.060
state_NM                                         -3.623e-14   1.26e-14     -2.879      0.004    -6.1e-14   -1.15e-14
state_NV                                            -3.0643     20.142     -0.152      0.879     -42.632      36.503
state_NY                                            28.4354      5.474      5.195      0.000      17.682      39.189
state_OH                                             1.0897      8.552      0.127      0.899     -15.710      17.890
state_OR                                            -5.8894     22.473     -0.262      0.793     -50.035      38.256
state_PA                                             6.3859      7.114      0.898      0.370      -7.590      20.362
state_TN                                             8.0253     16.243      0.494      0.621     -23.882      39.933
state_TX                                             6.3961      6.151      1.040      0.299      -5.687      18.480
state_UT                                            -6.3629     10.141     -0.627      0.531     -26.285      13.559
state_VA                                            -5.6733      5.139     -1.104      0.270     -15.769       4.422
state_WA                                             8.6327      7.766      1.112      0.267      -6.623      23.889
state_WI                                           -15.1086      9.903     -1.526      0.128     -34.562       4.344
title_simple_data analyst                           -0.9120     10.593     -0.086      0.931     -21.721      19.897
title_simple_data engineer                           8.6688      4.862      1.783      0.075      -0.882      18.220
title_simple_data scientist                         13.2006      4.053      3.257      0.001       5.238      21.163
title_simple_others                                 19.9130      6.245      3.189      0.002       7.646      32.180
seniority_director                                  34.4298     11.188      3.077      0.002      12.451      56.409
seniority_junior                                     2.5985     26.928      0.096      0.923     -50.300      55.497
seniority_manager                                   -0.3602     14.944     -0.024      0.981     -29.716      28.996
seniority_others                                   -13.1182      7.100     -1.848      0.065     -27.066       0.829
seniority_senior                                    17.3206      7.201      2.405      0.017       3.174      31.467
==============================================================================
Omnibus:                      152.458   Durbin-Watson:                   2.087
Prob(Omnibus):                  0.000   Jarque-Bera (JB):              959.920
Skew:                           0.895   Prob(JB):                    3.60e-209
Kurtosis:                       8.721   Cond. No.                     1.65e+19
==============================================================================

Warnings:
[1] Standard Errors assume that the covariance matrix of the errors is correctly specified.
[2] The smallest eigenvalue is 4.85e-29. This might indicate that there are
strong multicollinearity problems or that the design matrix is singular.
